   4.9324693e-03
   3.0376771e-01
   4.9035607e-01
   4.9531885e-01
   3.1865602e-01
   2.9746173e-02
  -2.5915374e-01
  -4.3578678e-01
  -4.3077433e-01
  -2.4411645e-01
   5.4808184e-02
   3.5374253e-01
   5.4042956e-01
   5.4549059e-01
   3.6892557e-01
   8.0113105e-02
  -2.0868986e-01
  -3.8522638e-01
  -3.8011785e-01
  -1.9336432e-01
   1.0565554e-01
   4.0468468e-01
   5.9146607e-01
   5.9662102e-01
   4.2014950e-01
   1.3143010e-01
  -1.5728024e-01
  -3.3372456e-01
  -3.2852426e-01
  -1.4167939e-01
   1.5743137e-01
   4.5655099e-01
   6.4342242e-01
   6.4866698e-01
   4.7228464e-01
   1.8365398e-01
  -1.0496804e-01
  -2.8132447e-01
  -2.7603672e-01
  -8.9104833e-02
   2.1009252e-01
   5.0929829e-01
   6.9625544e-01
   7.0158530e-01
   5.2528782e-01
   2.3674159e-01
  -5.1796433e-02
  -2.2806930e-01
  -2.2269841e-01
  -3.5683818e-02
   2.6359580e-01
   5.6288341e-01
   7.4992198e-01
   7.5533281e-01
   5.7911588e-01
   2.9064976e-01
   2.1914214e-03
  -1.7400219e-01
  -1.6855249e-01
   1.8540492e-02
   3.1789807e-01
   6.1726320e-01
   8.0437886e-01
   8.0986635e-01
   6.3372565e-01
   3.4533533e-01
   5.6951694e-02
  -1.1919424e-01
  -1.1373547e-01
   7.3330391e-02
   3.7262710e-01
   6.7190006e-01
   8.5889468e-01
   8.6423470e-01
   6.8792253e-01
   3.9933920e-01
   1.1074409e-01
  -6.5603396e-02
  -6.0322234e-02
   1.2658997e-01
   4.2575698e-01
   7.2492419e-01
   9.1183701e-01
   9.1711919e-01
   7.4077313e-01
   4.5217985e-01
   1.6359876e-01
  -1.2710763e-02
  -7.3676849e-03
   1.7963039e-01
   4.7890722e-01
   7.7820821e-01
   9.6527875e-01
   9.7074261e-01
   7.9460217e-01
   5.0623848e-01
   2.1791092e-01
   4.1878883e-02
   4.7523399e-02
   2.3484686e-01
   5.3447304e-01
   8.3414732e-01
   1.0216151e+00
   1.0275002e+00
   8.5180488e-01
   5.6391029e-01
   2.7607579e-01
   1.0056076e-01
   1.0674624e-01
   2.9463462e-01
   5.9484965e-01
   8.9513675e-01
   1.0832413e+00
   1.0897871e+00
   9.1477648e-01
   6.2759052e-01
   3.4048859e-01
   1.6573009e-01
   1.7269605e-01
   3.6138886e-01
   6.6243229e-01
   9.6357173e-01
   1.1527358e+00
   1.1608162e+00
   9.8778784e-01
   7.0300082e-01
   4.1868350e-01
   2.4706428e-01
   2.5749319e-01
   4.4994164e-01
   7.5500240e-01
   1.0603899e+00
   1.2538185e+00
   1.2658809e+00
   1.0965487e+00
   8.1517178e-01
   5.3397860e-01
   3.6519754e-01
   3.7817864e-01
   5.7289331e-01
   8.7993431e-01
   1.1870161e+00
   1.3818529e+00
   1.3950377e+00
   1.2265418e+00
   9.4571532e-01
   6.6478654e-01
   4.9598391e-01
   5.0865747e-01
   7.0277862e-01
   1.0089401e+00
   1.3148564e+00
   1.5082418e+00
   1.5196892e+00
   1.3491700e+00
   1.0660341e+00
   7.8250995e-01
   6.1082601e-01
   6.2033229e-01
   8.1100019e-01
   1.1134225e+00
   1.4153135e+00
   1.6043878e+00
   1.6112380e+00
   1.4358357e+00
   1.1475307e+00
   8.5855148e-01
   6.8112650e-01
   6.8460576e-01
   8.6896067e-01
   1.1647840e+00
   1.4597901e+00
   1.6417039e+00
   1.6415098e+00
   1.4594063e+00
   1.1647824e+00
   8.6990550e-01
   6.8704292e-01
   6.8558363e-01
   8.6553799e-01
   1.1575377e+00
   1.4493361e+00
   1.6286865e+00
   1.6262207e+00
   1.4419490e+00
   1.1452604e+00
   8.4842214e-01
   6.6370168e-01
   6.6048795e-01
   8.3879130e-01
   1.1292434e+00
   1.4195977e+00
   1.5976075e+00
   1.5939044e+00
   1.4084989e+00
   1.1107799e+00
   8.1301477e-01
   6.2747083e-01
   6.2353707e-01
   8.0122382e-01
   1.0911628e+00
   1.3811074e+00
   1.5588109e+00
   1.5549050e+00
   1.3694001e+00
   1.0716851e+00
   7.7402749e-01
   5.8869448e-01
   5.8507509e-01
   7.6317966e-01
   1.0536399e+00
   1.3442092e+00
   1.5226408e+00
   1.5195665e+00
   1.3349966e+00
   1.0383201e+00
   7.4180439e-01
   5.5771672e-01
   5.5544612e-01
   7.3500291e-01
   1.0270188e+00
   1.3192472e+00
   1.4994414e+00
   1.4982331e+00
   1.3156326e+00
   1.0210290e+00
   7.2668956e-01
   5.4488165e-01
   5.4498838e-01
   7.2700174e-01
   1.0215374e+00
   1.3163328e+00
   1.4991252e+00
   1.5005305e+00
   1.3205429e+00
   1.0285356e+00
   7.3675987e-01
   5.5746712e-01
   5.6003035e-01
   7.4444394e-01
   1.0413236e+00
   1.3384068e+00
   1.5234309e+00
   1.5270116e+00
   1.3491433e+00
   1.0591990e+00
   7.6943014e-01
   5.9208802e-01
   5.9654568e-01
   7.8279751e-01
   1.0814592e+00
   1.3802683e+00
   1.5669620e+00
   1.5721561e+00
   1.3958450e+00
   1.1074018e+00
   8.1907771e-01
   6.4312421e-01
   6.4891430e-01
   8.3644235e-01
   1.1363241e+00
   1.4362970e+00
   1.6240983e+00
   1.6303438e+00
   1.4550280e+00
   1.1675238e+00
   8.8008251e-01
   7.0495563e-01
   7.1151614e-01
   8.9975841e-01
   1.2002982e+00
   1.5008729e+00
   1.6892198e+00
   1.6959548e+00
   1.5210721e+00
   1.2339449e+00
   9.4682447e-01
   7.7196220e-01
   7.7873112e-01
   9.6712560e-01
   1.2677614e+00
   1.5683759e+00
   1.7567064e+00
   1.7633688e+00
   1.5883573e+00
   1.3010451e+00
   1.0136835e+00
   8.3852384e-01
   8.4493916e-01
   1.0329238e+00
   1.3330936e+00
   1.6331859e+00
   1.8209381e+00
   1.8269658e+00
   1.6512636e+00
   1.3632044e+00
   1.0750395e+00
   8.9913413e-01
   9.0512101e-01
   1.0929972e+00
   1.3933704e+00
   1.6939698e+00
   1.8825247e+00
   1.8896427e+00
   1.7153100e+00
   1.4288916e+00
   1.1426307e+00
   9.6877044e-01
   9.7667586e-01
   1.1663332e+00
   1.4683499e+00
   1.7704555e+00
   1.9603791e+00
   1.9687282e+00
   1.7954893e+00
   1.5100272e+00
   1.2245850e+00
   1.0514062e+00
   1.0598555e+00
   1.2499192e+00
   1.5522049e+00
   1.8544419e+00
   2.0443595e+00
   2.0525653e+00
   1.8790454e+00
   1.5931649e+00
   1.3071669e+00
   1.1332948e+00
   1.1409133e+00
   1.3300088e+00
   1.6311888e+00
   1.9321827e+00
   2.1207196e+00
   2.1274072e+00
   1.9522318e+00
   1.6645583e+00
   1.3766298e+00
   1.2006897e+00
   1.2061028e+00
   1.3928554e+00
   1.6915550e+00
   1.9899311e+00
   2.1757127e+00
   2.1795076e+00
   2.0013020e+00
   1.7104608e+00
   1.4192271e+00
   1.2398444e+00
   1.2416774e+00
   1.4247125e+00
   1.7195571e+00
   2.0139407e+00
   2.1956069e+00
   2.1952718e+00
   2.0129635e+00
   1.7180708e+00
   1.4228607e+00
   1.2396004e+00
   1.2376785e+00
   1.4171053e+00
   1.7085122e+00
   1.9996523e+00
   2.1782787e+00
   2.1750229e+00
   1.9898950e+00
   1.6922838e+00
   1.3944564e+00
   1.2086798e+00
   1.2043428e+00
   1.3814556e+00
   1.6706496e+00
   1.9596779e+00
   2.1362936e+00
   2.1311283e+00
   1.9441920e+00
   1.6448734e+00
   1.3454398e+00
   1.1581581e+00
   1.1524172e+00
   1.3282271e+00
   1.6162193e+00
   1.9041470e+00
   2.0797632e+00
   2.0736995e+00
   1.8859659e+00
   1.5859512e+00
   1.2859225e+00
   1.0981469e+00
   1.0920131e+00
   1.2675314e+00
   1.5553330e+00
   1.8431712e+00
   2.0187991e+00
   2.0128481e+00
   1.8253284e+00
   1.5256287e+00
   1.2260161e+00
   1.0387578e+00
   1.0332424e+00
   1.2094800e+00
   1.4981023e+00
   1.7868622e+00
   1.9635129e+00
   1.9585696e+00
   1.7717823e+00
   1.4725324e+00
   1.1730898e+00
   9.8572427e-01
   9.7982718e-01
   1.1554114e+00
   1.4431110e+00
   1.7306818e+00
   1.9058797e+00
   1.8993388e+00
   1.7110719e+00
   1.4104704e+00
   1.1098042e+00
   9.2134293e-01
   9.1447814e-01
   1.0892226e+00
   1.3762105e+00
   1.6631976e+00
   1.8379396e+00
   1.8310709e+00
   1.6426042e+00
   1.3419308e+00
   1.0413207e+00
   8.5304350e-01
   8.4649076e-01
   1.0216752e+00
   1.3092311e+00
   1.5969142e+00
   1.7724802e+00
   1.7665634e+00
   1.5791766e+00
   1.2797111e+00
   9.8043678e-01
   7.9362345e-01
   7.8866251e-01
   9.6556677e-01
   1.2549704e+00
   1.5446292e+00
   1.7222989e+00
   1.7186138e+00
   1.5335866e+00
   1.2366087e+00
   9.3995002e-01
   7.5588026e-01
   7.5379087e-01
   9.3369465e-01
   1.2262258e+00
   1.5191400e+00
   1.7001932e+00
   1.7000197e+00
   1.5186579e+00
   1.2254952e+00
   9.3276995e-01
   7.5272024e-01
   7.5470592e-01
   9.3870819e-01
   1.2353296e+00
   1.5322944e+00
   1.7173268e+00
   1.7210293e+00
   1.5433831e+00
   1.2537480e+00
   9.6436236e-01
   7.8746423e-01
   7.9241348e-01
   9.7919132e-01
   1.2784003e+00
   1.5777646e+00
   1.7650085e+00
   1.7707345e+00
   1.5949238e+00
   1.3069363e+00
   1.0190101e+00
   8.4338343e-01
   8.4941614e-01
   1.0370894e+00
   1.3370058e+00
   1.6368896e+00
   1.8244649e+00
   1.8303343e+00
   1.6544789e+00
   1.3662588e+00
   1.0779119e+00
   9.0167661e-01
   9.0691265e-01
   1.0936013e+00
   1.3923450e+00
   1.6908680e+00
   1.8768946e+00
   1.8810272e+00
   1.7032472e+00
   1.4129143e+00
   1.1222666e+00
   9.4354255e-01
   9.4610179e-01
   1.1299256e+00
   1.4256165e+00
   1.7208987e+00
   1.9034964e+00
   1.9040122e+00
   1.7224590e+00
   1.4285081e+00
   1.1344925e+00
   9.5266992e-01
   9.5241958e-01
   1.1337422e+00
   1.4272599e+00
   1.7207163e+00
   1.9018551e+00
   1.9012983e+00
   1.7190467e+00
   1.4244796e+00
   1.1298546e+00
   9.4742945e-01
   9.4658345e-01
   1.1273173e+00
   1.4202530e+00
   1.7131344e+00
   1.8937050e+00
   1.8925869e+00
   1.7097808e+00
   1.4146661e+00
   1.1195003e+00
   9.3654131e-01
   9.3516830e-01
   1.1153820e+00
   1.4078045e+00
   1.7001794e+00
   1.8802504e+00
   1.8786396e+00
   1.6953477e+00
   1.3997540e+00
   1.1041162e+00
   9.2069193e-01
   9.1886055e-01
   1.0986227e+00
   1.3906006e+00
   1.6825377e+00
   1.8621778e+00
   1.8601430e+00
   1.6764339e+00
   1.3804299e+00
   1.0843886e+00
   9.0056774e-01
   8.9834663e-01
   1.0777260e+00
   1.3693278e+00
   1.6608958e+00
   1.8401736e+00
   1.8377834e+00
   1.6537258e+00
   1.3573801e+00
   1.0610040e+00
   8.7685516e-01
   8.7431297e-01
   1.0533781e+00
   1.3446725e+00
   1.6359400e+00
   1.8149243e+00
   1.8122473e+00
   1.6279097e+00
   1.3312910e+00
   1.0346487e+00
   8.5024063e-01
   8.4744600e-01
   1.0262655e+00
   1.3173213e+00
   1.6083569e+00
   1.7871162e+00
   1.7842210e+00
   1.5996723e+00
   1.3028491e+00
   1.0060093e+00
   8.2141057e-01
   8.1843214e-01
   9.9707473e-01
   1.2879604e+00
   1.5788328e+00
   1.7574357e+00
   1.7543911e+00
   1.5696998e+00
   1.2727409e+00
   9.7577220e-01
   7.9105141e-01
   7.8795782e-01
   9.6649212e-01
   1.2572764e+00
   1.5480542e+00
   1.7265229e+00
   1.7232194e+00
   1.5381440e+00
   1.2406771e+00
   9.4307757e-01
   7.5760429e-01
   7.5363778e-01
   9.3117991e-01
   1.2208539e+00
   1.5104047e+00
   1.6875772e+00
   1.6829945e+00
   1.4966586e+00
   1.1979500e+00
   8.9912748e-01
   7.1245004e-01
   7.0729814e-01
   8.8367366e-01
   1.1721998e+00
   1.4606215e+00
   1.6366837e+00
   1.6310095e+00
   1.4436008e+00
   1.1438382e+00
   8.4398055e-01
   6.5628667e-01
   6.5013711e-01
   8.2553373e-01
   1.1130998e+00
   1.4005802e+00
   1.5757197e+00
   1.5691417e+00
   1.3808481e+00
   1.0802192e+00
   7.7951404e-01
   5.9099146e-01
   5.8403196e-01
   7.5863743e-01
   1.0454311e+00
   1.3321579e+00
   1.5065626e+00
   1.4992685e+00
   1.3102775e+00
   1.0089702e+00
   7.0760524e-01
   5.1844168e-01
   5.1085998e-01
   6.8486201e-01
   9.7107102e-01
   1.2572319e+00
   1.4310895e+00
   1.4232671e+00
   1.2337665e+00
   9.3196837e-01
   6.3013144e-01
   4.4051463e-01
   4.3249844e-01
   6.0608477e-01
   8.9189685e-01
   1.1776796e+00
   1.3511778e+00
   1.3430148e+00
   1.1531924e+00
   8.5109113e-01
   5.4895886e-01
   3.5889929e-01
   3.5024689e-01
   5.2300870e-01
   8.0781312e-01
   1.0924102e+00
   1.2645500e+00
   1.2548609e+00
   1.0633499e+00
   7.5940281e-01
   4.5528356e-01
   2.6325621e-01
   2.5270645e-01
   4.2364131e-01
   7.0668920e-01
   9.8960017e-01
   1.1601243e+00
   1.1488899e+00
   9.5590408e-01
   6.5055252e-01
   3.4509925e-01
   1.5180830e-01
   1.4006536e-01
   3.0987745e-01
   5.9187300e-01
   8.7380204e-01
   1.0434146e+00
   1.0313391e+00
   8.3758266e-01
   5.3153085e-01
   2.2544774e-01
   3.1597369e-02
   1.9365093e-02
   1.8865707e-01
   4.7002108e-01
   7.5120648e-01
   9.1996261e-01
   9.0691718e-01
   7.1207655e-01
   4.0482568e-01
   9.7427931e-02
  -9.7853370e-02
  -1.1163324e-01
   5.6094677e-02
   3.3595808e-01
   6.1570632e-01
   7.8308875e-01
   7.6873307e-01
   5.7264564e-01
   2.6421143e-01
  -4.4306206e-02
  -2.4064394e-01
  -2.5541679e-01
  -8.8618403e-02
   1.9037892e-01
   4.6932454e-01
   6.3596781e-01
   6.2093642e-01
   4.2423673e-01
   1.1525372e-01
  -1.9374928e-01
  -3.9050891e-01
  -4.0564020e-01
  -2.3913681e-01
   3.9628983e-02
   3.1840652e-01
   4.8494515e-01
   4.6987259e-01
   2.7319517e-01
  -3.5702108e-02
  -3.4455592e-01
  -5.4110291e-01
  -5.5595811e-01
  -3.8911517e-01
  -1.0994638e-01
   1.6929760e-01
   3.3636614e-01
   3.2188694e-01
   1.2586634e-01
  -1.8231068e-01
  -4.9038076e-01
  -6.8608058e-01
  -7.0002516e-01
  -5.3221491e-01
  -2.5209732e-01
   2.8050645e-02
   1.9597142e-01
   1.8228580e-01
  -1.3006795e-02
  -3.2052828e-01
  -6.2802225e-01
  -8.2323227e-01
  -8.3678026e-01
  -6.6866682e-01
  -3.8827113e-01
  -1.0785076e-01
   6.0336714e-02
   4.6912094e-02
  -1.4812519e-01
  -4.5539707e-01
  -7.6264713e-01
  -9.5761894e-01
  -9.7093443e-01
  -8.0259416e-01
  -5.2197736e-01
  -2.4134158e-01
  -7.2944387e-02
  -8.6164988e-02
  -2.8100395e-01
  -5.8808321e-01
  -8.9514635e-01
  -1.0899369e+00
  -1.1030769e+00
  -9.3456680e-01
  -6.5378587e-01
  -3.7299166e-01
  -2.0444173e-01
  -2.1751530e-01
  -4.1221293e-01
  -7.1915655e-01
  -1.0260897e+00
  -1.2207561e+00
  -1.2337775e+00
  -1.0651546e+00
  -7.8426649e-01
  -5.0337083e-01
  -3.3472516e-01
  -3.4770868e-01
  -5.4232195e-01
  -8.4918860e-01
  -1.1560802e+00
  -1.3507478e+00
  -1.3638102e+00
  -1.1952649e+00
  -9.1448785e-01
  -6.3373343e-01
  -4.6525608e-01
  -4.7843181e-01
  -6.7325804e-01
  -9.8035352e-01
  -1.2874587e+00
  -1.4823139e+00
  -1.4955379e+00
  -1.3271282e+00
  -1.0464608e+00
  -7.6579003e-01
  -5.9737033e-01
  -6.1057774e-01
  -8.0540965e-01
  -1.1124848e+00
  -1.4195437e+00
  -1.6143266e+00
  -1.6274524e+00
  -1.4589185e+00
  -1.1781008e+00
  -8.9725385e-01
  -7.2863195e-01
  -7.4161117e-01
  -9.3618891e-01
  -1.2429839e+00
  -1.5497367e+00
  -1.7441875e+00
  -1.7569551e+00
  -1.5880371e+00
  -1.3068093e+00
  -1.0255263e+00
  -8.5644232e-01
  -8.6893349e-01
  -1.0629972e+00
  -1.3692522e+00
  -1.6754389e+00
  -1.8692977e+00
  -1.8814474e+00
  -1.7118854e+00
  -1.4299877e+00
  -1.1480087e+00
  -9.7820281e-01
  -9.8994607e-01
  -1.1832359e+00
  -1.4886910e+00
  -1.7940518e+00
  -1.9870588e+00
  -1.9983307e+00
  -1.8278648e+00
  -1.5450373e+00
  -1.2622600e+00
  -1.0919448e+00
  -1.1034545e+00
  -1.2967732e+00
  -1.6025062e+00
  -1.9083805e+00
  -2.1021234e+00
  -2.1143400e+00
  -1.9450145e+00
  -1.6635096e+00
  -1.3820664e+00
  -1.2129257e+00
  -1.2254504e+00
  -1.4196245e+00
  -1.7260534e+00
  -2.0324641e+00
  -2.2265837e+00
  -2.2390176e+00
  -2.0697498e+00
  -1.7881431e+00
  -1.5064384e+00
  -1.3368768e+00
  -1.3488211e+00
  -1.5422551e+00
  -1.8477844e+00
  -2.1531360e+00
  -2.3460369e+00
  -2.3570926e+00
  -2.1862871e+00
  -1.9029830e+00
  -1.6194215e+00
  -1.4478436e+00
  -1.4576119e+00
  -1.6487104e+00
  -1.9517447e+00
  -2.2544417e+00
  -2.4445285e+00
  -2.4526105e+00
  -2.2786718e+00
  -1.9920750e+00
  -1.7050612e+00
  -1.5298714e+00
  -1.5358683e+00
  -1.7230359e+00
  -2.0219797e+00
  -2.3204267e+00
  -2.5061039e+00
  -2.5096168e+00
  -2.3309494e+00
  -2.0394644e+00
  -1.7474275e+00
  -1.5674858e+00
  -1.5691575e+00
  -1.7524424e+00
  -2.0479618e+00
  -2.3434586e+00
  -2.5266755e+00
  -2.5282339e+00
  -2.3481336e+00
  -2.0557531e+00
  -1.7633493e+00
  -1.5831789e+00
  -1.5846206e+00
  -1.7676741e+00
  -2.0629607e+00
  -2.3582233e+00
  -2.5412047e+00
  -2.5425262e+00
  -2.3621876e+00
  -2.0695673e+00
  -1.7769224e+00
  -1.5965096e+00
  -1.5977073e+00
  -1.7805156e+00
  -2.0755556e+00
  -2.3705702e+00
  -2.5533022e+00
  -2.5543728e+00
  -2.3737820e+00
  -2.0809082e+00
  -1.7880083e+00
  -1.6073392e+00
  -1.6082792e+00
  -1.7908284e+00
  -2.0856079e+00
  -2.3803606e+00
  -2.5628293e+00
  -2.5636354e+00
  -2.3827785e+00
  -2.0896373e+00
  -1.7964686e+00
  -1.6155293e+00
  -1.6161978e+00
  -1.7984740e+00
  -2.0929792e+00
  -2.3874561e+00
  -2.5696478e+00
  -2.5701753e+00
  -2.3890386e+00
  -2.0956161e+00
  -1.8021648e+00
  -1.6209414e+00
  -1.6213245e+00
  -1.8033139e+00
  -2.0975309e+00
  -2.3917183e+00
  -2.5736190e+00
  -2.5738542e+00
  -2.3924237e+00
  -2.0987062e+00
  -1.8049583e+00
  -1.6234371e+00
  -1.6235209e+00
  -1.8052097e+00
  -2.0991246e+00
  -2.3927921e+00
  -2.5734899e+00
  -2.5718490e+00
  -2.3878968e+00
  -2.0910394e+00
  -1.7935611e+00
  -1.6077465e+00
  -1.6030014e+00
  -1.7793534e+00
  -2.0674512e+00
  -2.3550652e+00
  -2.5299659e+00
  -2.5228020e+00
  -2.3336009e+00
  -2.0317686e+00
  -1.7295897e+00
  -1.5393484e+00
  -1.5304508e+00
  -1.7029244e+00
  -1.9874178e+00
  -2.2717016e+00
  -2.4435461e+00
  -2.4336002e+00
  -2.2418911e+00
  -1.9378250e+00
  -1.6336863e+00
  -1.4417594e+00
  -1.4314503e+00
  -1.6027864e+00
  -1.8864165e+00
  -2.1701110e+00
  -2.3416404e+00
  -2.3316533e+00
  -2.1401773e+00
  -1.8366184e+00
  -1.5332609e+00
  -1.3423892e+00
  -1.3334095e+00
  -1.5063492e+00
  -1.7918569e+00
  -2.0777031e+00
  -2.2516273e+00
  -2.2437978e+00
  -2.0540704e+00
  -1.7518407e+00
  -1.4493830e+00
  -1.2589714e+00
  -1.2500016e+00
  -1.4224909e+00
  -1.7070778e+00
  -1.9915223e+00
  -2.1635848e+00
  -2.1539036e+00
  -1.9624960e+00
  -1.6587577e+00
  -1.3549629e+00
  -1.1633858e+00
  -1.1534220e+00
  -1.3250889e+00
  -1.6090249e+00
  -1.8929901e+00
  -2.0647448e+00
  -2.0549274e+00
  -1.8635551e+00
  -1.5600237e+00
  -1.2566073e+00
  -1.0655801e+00
  -1.0563379e+00
  -1.2288978e+00
  -1.5138984e+00
  -1.7990998e+00
  -1.9722622e+00
  -1.9640240e+00
  -1.7744025e+00
  -1.4727935e+00
  -1.1714710e+00
  -9.8270928e-01
  -9.7590408e-01
  -1.1510726e+00
  -1.4388533e+00
  -1.7270063e+00
  -1.9032919e+00
  -1.8983485e+00
  -1.7121933e+00
  -1.4142221e+00
  -1.1167090e+00
  -9.3192824e-01
  -9.2927554e-01
  -1.1087681e+00
  -1.4010444e+00
  -1.6938646e+00
  -1.8749888e+00
  -1.8750384e+00
  -1.6939486e+00
  -1.4010771e+00
  -1.1086664e+00
  -9.2895841e-01
  -9.3131717e-01
  -1.1157279e+00
  -1.4127971e+00
  -1.7102531e+00
  -1.8958241e+00
  -1.9001166e+00
  -1.7231160e+00
  -1.4341861e+00
  -1.1455690e+00
  -9.6950707e-01
  -9.7536413e-01
  -1.1631254e+00
  -1.4633975e+00
  -1.7639086e+00
  -1.9523869e+00
  -1.9594392e+00
  -1.7850505e+00
  -1.4985848e+00
  -1.2122842e+00
  -1.0383911e+00
  -1.0462692e+00
  -1.2359037e+00
  -1.5379014e+00
  -1.8399904e+00
  -2.0298989e+00
  -2.0382336e+00
  -1.8649796e+00
  -1.5795009e+00
  -1.2940396e+00
  -1.1208380e+00
  -1.1292599e+00
  -1.3192905e+00
  -1.6215366e+00
  -1.9237262e+00
  -2.1135876e+00
  -2.1217275e+00
  -1.9481310e+00
  -1.6621620e+00
  -1.3760627e+00
  -1.2020754e+00
  -1.2095639e+00
  -1.3985134e+00
  -1.6995305e+00
  -2.0003436e+00
  -2.1886807e+00
  -2.1951485e+00
  -2.0200020e+00
  -1.7329551e+00
  -1.4462304e+00
  -1.2720484e+00
  -1.2797512e+00
  -1.4693023e+00
  -1.7712867e+00
  -2.0734108e+00
  -2.2633812e+00
  -2.2717827e+00
  -2.0985789e+00
  -1.8131120e+00
  -1.5276024e+00
  -1.3542707e+00
  -1.3624590e+00
  -1.5521309e+00
  -1.8538712e+00
  -2.1553865e+00
  -2.3443833e+00
  -2.3514464e+00
  -2.1765395e+00
  -1.8890046e+00
  -1.6010622e+00
  -1.4249330e+00
  -1.4299590e+00
  -1.6161037e+00
  -1.9139521e+00
  -2.2112107e+00
  -2.3955860e+00
  -2.3976629e+00
  -2.2174048e+00
  -1.9241541e+00
  -1.6302504e+00
  -1.4483251e+00
  -1.4477905e+00
  -1.6286509e+00
  -1.9215315e+00
  -2.2141794e+00
  -2.3943416e+00
  -2.3926436e+00
  -2.2090893e+00
  -1.9130615e+00
  -1.6168211e+00
  -1.4326291e+00
  -1.4298684e+00
  -1.6085427e+00
  -1.8992777e+00
  -2.1898202e+00
  -2.3679174e+00
  -2.3641946e+00
  -2.1786558e+00
  -1.8806838e+00
  -1.5825395e+00
  -1.3964840e+00
  -1.3919000e+00
  -1.5687914e+00
  -1.8577836e+00
  -2.1466238e+00
  -2.3230589e+00
  -2.3177143e+00
  -2.1305940e+00
  -1.8310808e+00
  -1.5314356e+00
  -1.3439195e+00
  -1.3379152e+00
  -1.5134266e+00
  -1.8010791e+00
  -2.0886199e+00
  -2.2637959e+00
  -2.2572325e+00
  -2.0689337e+00
  -1.7682823e+00
  -1.4675392e+00
  -1.2789655e+00
  -1.2719438e+00
  -1.4464781e+00
  -1.7331940e+00
  -2.0198383e+00
  -2.1941582e+00
  -2.1867789e+00
  -1.9977046e+00
  -1.6963180e+00
  -1.3948799e+00
  -1.2056516e+00
  -1.1980156e+00
  -1.3719759e+00
  -1.6581580e+00
  -1.9443089e+00
  -2.1181756e+00
  -2.1103835e+00
  -1.9209366e+00
  -1.6192177e+00
  -1.3174877e+00
  -1.1280077e+00
  -1.1201603e+00
  -1.2939496e+00
  -1.5800009e+00
  -1.8660613e+00
  -2.0398779e+00
  -2.0320759e+00
  -1.8426595e+00
  -1.5409311e+00
  -1.2387468e+00
  -1.0483279e+00
  -1.0390765e+00
  -1.2110162e+00
  -1.4947919e+00
  -1.7781702e+00
  -1.9489176e+00
  -1.9376792e+00
  -1.7444783e+00
  -1.4387173e+00
  -1.1326767e+00
  -9.3863699e-01
  -9.2600043e-01
  -1.0947906e+00
  -1.3756523e+00
  -1.6563522e+00
  -1.8246569e+00
  -1.8112112e+00
  -1.6160387e+00
  -1.3085417e+00
  -1.0010006e+00
  -8.0569605e-01
  -7.9203021e-01
  -9.6002664e-01
  -1.2403303e+00
  -1.5207077e+00
  -1.6889254e+00
  -1.6756284e+00
  -1.4808401e+00
  -1.1739629e+00
  -8.6727724e-01
  -6.7306368e-01
  -6.6072442e-01
  -8.3028303e-01
  -1.1123844e+00
  -1.3947952e+00
  -1.5652818e+00
  -1.5544893e+00
  -1.3624412e+00
  -1.0585396e+00
  -7.5506472e-01
  -5.6415337e-01
  -5.5507260e-01
  -7.2781340e-01
  -1.0129881e+00
  -1.2983307e+00
  -1.4715752e+00
  -1.4633340e+00
  -1.2735980e+00
  -9.7173677e-01
  -6.6999840e-01
  -4.8063083e-01
  -4.7300369e-01
  -6.4710795e-01
  -9.3355596e-01
  -1.2200817e+00
  -1.3944192e+00
  -1.3871808e+00
  -1.1983574e+00
  -8.9731868e-01
  -5.9631265e-01
  -4.0758725e-01
  -4.0051212e-01
  -5.7507822e-01
  -8.6189792e-01
  -1.1487052e+00
  -1.3232340e+00
  -1.3160968e+00
  -1.1272845e+00
  -8.2616666e-01
  -5.2499135e-01
  -3.3600651e-01
  -3.2858177e-01
  -5.0270812e-01
  -7.8899789e-01
  -1.0751851e+00
  -1.2490037e+00
  -1.2410660e+00
  -1.0513631e+00
  -7.4926460e-01
  -4.4701839e-01
  -2.5687250e-01
  -2.4820401e-01
  -4.2104172e-01
  -7.0601544e-01
  -9.9087341e-01
  -1.1633639e+00
  -1.1541134e+00
  -9.6312727e-01
  -6.5978931e-01
  -3.5636178e-01
  -1.6510689e-01
  -1.5540852e-01
  -3.2727190e-01
  -6.1132362e-01
  -8.9531194e-01
  -1.0669851e+00
  -1.0569696e+00
  -8.6527087e-01
  -5.6127263e-01
  -2.5723714e-01
  -6.5426637e-02
  -5.5224992e-02
  -2.2663744e-01
  -5.1029058e-01
  -7.9393264e-01
  -9.6531187e-01
  -9.5505486e-01
  -7.6316686e-01
  -4.5903172e-01
  -1.5491168e-01
   3.6931032e-02
   4.7112547e-02
  -1.2437237e-01
  -4.0815031e-01
  -6.9196953e-01
  -8.6357825e-01
  -8.5360307e-01
  -6.6204924e-01
  -3.5830061e-01
  -5.4619419e-02
   1.3673210e-01
   1.4637009e-01
  -2.5709432e-02
  -3.1001845e-01
  -5.9423186e-01
  -7.6609953e-01
  -7.5624968e-01
  -5.6468917e-01
  -2.6080349e-01
   4.3143513e-02
   2.3488799e-01
   2.4504443e-01
   7.3605999e-02
  -2.1005553e-01
  -4.9369003e-01
  -6.6504735e-01
  -6.5475571e-01
  -4.6282196e-01
  -1.5863162e-01
   1.4555149e-01
   3.3746350e-01
   3.4771893e-01
   1.7631091e-01
  -1.0738877e-01
  -3.9112998e-01
  -5.6266257e-01
  -5.5261477e-01
  -3.6099343e-01
  -5.7184042e-02
   2.4654954e-01
   4.3794346e-01
   4.4761223e-01
   2.7554900e-01
  -8.8744611e-03
  -2.9340801e-01
  -4.6580150e-01
  -4.5668317e-01
  -2.6605986e-01
   3.6682934e-02
   3.3928136e-01
   5.2947156e-01
   5.3786805e-01
   3.6446397e-01
   7.8631105e-02
  -2.0738041e-01
  -3.8132044e-01
  -3.7381721e-01
  -1.8487755e-01
   1.1611301e-01
   4.1689065e-01
   6.0519151e-01
   6.1163009e-01
   4.3619953e-01
   1.4829900e-01
  -1.3959518e-01
  -3.1518362e-01
  -3.0909592e-01
  -1.2134030e-01
   1.7869638e-01
   4.7874891e-01
   6.6655207e-01
   6.7271898e-01
   4.9724144e-01
   2.0948985e-01
  -7.8287016e-02
  -2.5384039e-01
  -2.4779985e-01
  -6.0173620e-02
   2.3965143e-01
   5.3941008e-01
   7.2683713e-01
   7.3254570e-01
   5.5652757e-01
   2.6815316e-01
  -2.0328759e-02
  -1.9666942e-01
  -1.9149841e-01
  -4.8239572e-03
   2.9396709e-01
   5.9260950e-01
   7.7883807e-01
   7.8326592e-01
   6.0588484e-01
   3.1606524e-01
   2.6055893e-02
  -1.5189443e-01
  -1.4841533e-01
   3.6484993e-02
   3.3341966e-01
   6.3012346e-01
   8.1433118e-01
   8.1665595e-01
   6.3708955e-01
   3.4500239e-01
   5.2643244e-02
  -1.2773912e-01
  -1.2677428e-01
   5.5529533e-02
   3.4978546e-01
   6.4374132e-01
   8.2529716e-01
   8.2512341e-01
   6.4322109e-01
   3.4896989e-01
   5.4627823e-02
  -1.2754707e-01
  -1.2817513e-01
   5.2744695e-02
   3.4583479e-01
   6.3883921e-01
   8.1950198e-01
   8.1844551e-01
   6.3567083e-01
   3.4055761e-01
   4.5363882e-02
  -1.3765232e-01
  -1.3911133e-01
   4.0987898e-02
   3.3326775e-01
   6.2547228e-01
   8.0534551e-01
   8.0350986e-01
   6.1996634e-01
   3.2409465e-01
   2.8152802e-02
  -1.5560117e-01
  -1.5778759e-01
   2.1594574e-02
   3.1316772e-01
   6.0467589e-01
   7.8386313e-01
   7.8135182e-01
   5.9714302e-01
   3.0061639e-01
   4.0299556e-03
  -1.8035825e-01
  -1.8316854e-01
  -4.3999046e-03
   2.8657007e-01
   5.7748543e-01
   7.5609020e-01
   7.5300679e-01
   5.6823623e-01
   2.7115819e-01
  -2.5969285e-02
  -2.1088818e-01
  -2.1421882e-01
  -3.5960166e-02
   2.5451018e-01
   5.4493625e-01
   7.2306210e-01
   7.1951012e-01
   5.3428134e-01
   2.3675544e-01
  -6.0810020e-02
  -2.4645008e-01
  -2.5102234e-01
  -7.4508237e-02
   2.1373214e-01
   5.0146036e-01
   6.7643799e-01
   6.6930494e-01
   4.8007978e-01
   1.7815971e-01
  -1.2417973e-01
  -3.1466298e-01
  -3.2389284e-01
  -1.5185076e-01
   1.3210319e-01
   4.1573057e-01
   5.8679294e-01
   5.7593022e-01
   3.8316098e-01
   7.7882416e-02
  -2.2762993e-01
  -4.2110050e-01
  -4.3313209e-01
  -2.6370616e-01
   1.7817232e-02
   2.9919964e-01
   4.6820263e-01
   4.5546612e-01
   2.6100867e-01
  -4.5772524e-02
  -3.5260190e-01
  -5.4720392e-01
  -5.6018138e-01
  -3.9187092e-01
  -1.1235807e-01
   1.6618470e-01
   3.3161279e-01
   3.1465996e-01
   1.1543861e-01
  -1.9656023e-01
  -5.0896716e-01
  -7.0941279e-01
  -7.2840610e-01
  -5.6583466e-01
  -2.9096474e-01
  -1.5940928e-02
   1.4709219e-01
   1.2886836e-01
  -7.0500015e-02
  -3.8152190e-01
  -6.9182789e-01
  -8.8911020e-01
  -9.0463532e-01
  -7.3858522e-01
  -4.6031478e-01
  -1.8205725e-01
  -1.6045848e-02
  -3.1635462e-02
  -2.2880233e-01
  -5.3814406e-01
  -8.4737989e-01
  -1.0442291e+00
  -1.0592892e+00
  -8.9253654e-01
  -6.1332595e-01
  -3.3389067e-01
  -1.6646392e-01
  -1.8040061e-01
  -3.7567695e-01
  -6.8289056e-01
  -9.8976069e-01
  -1.1840066e+00
  -1.1962258e+00
  -1.0263947e+00
  -7.4386801e-01
  -4.6087906e-01
  -2.8966107e-01
  -2.9956891e-01
  -4.9057881e-01
  -7.9343951e-01
  -1.0963139e+00
  -1.2869618e+00
  -1.2959942e+00
  -1.1234004e+00
  -8.3854874e-01
  -5.5368556e-01
  -3.8105739e-01
  -3.9003233e-01
  -5.8059987e-01
  -8.8337087e-01
  -1.1860778e+00
  -1.3764532e+00
  -1.3851079e+00
  -1.2120313e+00
  -9.2659161e-01
  -6.4103531e-01
  -4.6760885e-01
  -4.7568037e-01
  -6.6523935e-01
  -9.6689664e-01
  -1.2683847e+00
  -1.4574361e+00
  -1.4646616e+00
  -1.2900508e+00
  -1.0029717e+00
  -7.1567078e-01
  -5.4039460e-01
  -5.4651125e-01
  -7.3401022e-01
  -1.0335024e+00
  -1.3327201e+00
  -1.5193961e+00
  -1.5241410e+00
  -1.3469444e+00
  -1.0571744e+00
  -7.6707750e-01
  -5.8890016e-01
  -5.9201050e-01
  -7.7639800e-01
  -1.0726735e+00
  -1.3685696e+00
  -1.5518186e+00
  -1.5530315e+00
  -1.3721977e+00
  -1.0786854e+00
  -7.8450649e-01
  -6.0104070e-01
  -5.9765302e-01
  -7.7442192e-01
  -1.0620473e+00
  -1.3483505e+00
  -1.5211532e+00
  -1.5111552e+00
  -1.3184350e+00
  -1.0124496e+00
  -7.0553462e-01
  -5.1002550e-01
  -4.9537936e-01
  -6.6167470e-01
  -9.3961136e-01
  -1.2170108e+00
  -1.3816946e+00
  -1.3643626e+00
  -1.1650932e+00
  -8.5334362e-01
  -5.4144928e-01
  -3.4174569e-01
  -3.2368997e-01
  -4.8736061e-01
  -7.6345746e-01
  -1.0398020e+00
  -1.2042158e+00
  -1.1873986e+00
  -9.8942894e-01
  -6.7976396e-01
  -3.7073912e-01
  -1.7468992e-01
  -1.6102273e-01
  -3.2921647e-01
  -6.0973149e-01
  -8.9030520e-01
  -1.0586750e+00
  -1.0454567e+00
  -8.5064462e-01
  -5.4361188e-01
  -2.3660984e-01
  -4.1889901e-02
  -2.8825112e-02
  -1.9740987e-01
  -4.7825995e-01
  -7.5911275e-01
  -9.2770568e-01
  -9.1465451e-01
  -7.1995365e-01
  -4.1297613e-01
  -1.0597334e-01
   8.8803297e-02
   1.0198076e-01
  -6.6435363e-02
  -3.4706083e-01
  -6.2763306e-01
  -7.9588946e-01
  -7.8244579e-01
  -5.8729645e-01
  -2.7981449e-01
   2.7748688e-02
   2.2314170e-01
   2.3699149e-01
   6.9303671e-02
  -2.1053753e-01
  -4.9026953e-01
  -6.5762973e-01
  -6.4323389e-01
  -4.4707643e-01
  -1.3849975e-01
   1.7042301e-01
   3.6744545e-01
   3.8316592e-01
   2.1756143e-01
  -6.0012400e-02
  -3.3732157e-01
  -5.0213210e-01
  -4.8508835e-01
  -2.8621331e-01
   2.5091351e-02
   3.3654565e-01
   5.3586959e-01
   5.5366153e-01
   3.8989846e-01
   1.1393602e-01
  -1.6199180e-01
  -3.2565101e-01
  -3.0768599e-01
  -1.0811972e-01
   2.0364614e-01
   5.1533160e-01
   7.1465667e-01
   7.3221969e-01
   5.6799767e-01
   2.9134623e-01
   1.4499380e-02
  -1.5030890e-01
  -1.3372298e-01
   6.4234141e-02
   3.7416082e-01
   6.8377706e-01
   8.8080287e-01
   8.9583659e-01
   7.2885524e-01
   4.4921443e-01
   1.6914817e-01
   8.9043756e-04
   1.3796873e-02
   2.0784447e-01
   5.1363159e-01
   8.1887833e-01
   1.0116180e+00
   1.0227479e+00
   8.5225596e-01
   5.6950879e-01
   2.8675143e-01
   1.1622887e-01
   1.2730774e-01
   3.1997606e-01
   6.2484319e-01
   9.2964013e-01
   1.1220979e+00
   1.1328259e+00
   9.6181202e-01
   6.7842302e-01
   3.9490385e-01
   2.2349952e-01
   2.3357666e-01
   4.2512328e-01
   7.2874874e-01
   1.0321841e+00
   1.2231602e+00
   1.2322866e+00
   1.0595513e+00
   7.7432078e-01
   4.8884016e-01
   3.1535441e-01
   3.2323016e-01
   5.1245543e-01
   8.1363958e-01
   1.1145136e+00
   1.3028086e+00
   1.3091337e+00
   1.1334772e+00
   8.4520558e-01
   5.5656386e-01
   3.7979704e-01
   3.8427176e-01
   5.6997603e-01
   8.6751922e-01
   1.1646323e+00
   1.3490464e+00
   1.3514351e+00
   1.1721173e+00
   8.8051632e-01
   5.8888884e-01
   4.0949166e-01
   4.1170319e-01
   5.9552319e-01
   8.9157279e-01
   1.1875948e+00
   1.3713319e+00
   1.3734053e+00
   1.1938147e+00
   9.0193862e-01
   6.1003372e-01
   4.3035679e-01
   4.3228623e-01
   6.1582182e-01
   9.1158467e-01
   1.2073176e+00
   1.3907633e+00
   1.3925429e+00
   1.2126563e+00
   9.2048181e-01
   6.2827618e-01
   4.4829618e-01
   4.4992023e-01
   6.3314809e-01
   9.2860089e-01
   1.2240214e+00
   1.4071524e+00
   1.4086150e+00
   1.2284090e+00
   9.3591278e-01
   6.4338310e-01
   4.6307673e-01
   4.6437208e-01
   6.4726890e-01
   9.4238833e-01
   1.2374731e+00
   1.4202661e+00
   1.4213884e+00
   1.2408397e+00
   9.4799841e-01
   6.5512138e-01
   4.7446532e-01
   4.7540865e-01
   6.5795112e-01
   9.5271388e-01
   1.2474397e+00
   1.4298713e+00
   1.4306299e+00
   1.2497152e+00
   9.5650559e-01
   6.6325789e-01
   4.8222884e-01
   4.8279684e-01
   6.6496165e-01
   9.5934442e-01
   1.2536879e+00
   1.4357349e+00
   1.4361065e+00
   1.2548024e+00
   9.6120121e-01
   6.6755954e-01
   4.8613417e-01
   4.8630353e-01
   6.6806738e-01
   9.6204684e-01
   1.2559847e+00
   1.4375746e+00
   1.4370289e+00
   1.2542721e+00
   9.5870231e-01
   6.6259612e-01
   4.7823014e-01
   4.7500259e-01
   6.5293308e-01
   9.4266254e-01
   1.2319536e+00
   1.4085688e+00
   1.4031492e+00
   1.2157143e+00
   9.1566242e-01
   6.1527006e-01
   4.2681384e-01
   4.1969200e-01
   5.9392412e-01
   8.8015117e-01
   1.1661358e+00
   1.3396405e+00
   1.3313062e+00
   1.1411527e+00
   8.3857806e-01
   5.3585892e-01
   3.4527186e-01
   3.3621512e-01
   5.0870828e-01
   7.9339232e-01
   1.0780298e+00
   1.2503834e+00
   1.2410940e+00
   1.0501811e+00
   7.4704319e-01
   4.4395666e-01
   2.5319816e-01
   2.4416592e-01
   4.1687952e-01
   7.0197992e-01
   9.8722973e-01
   1.1603915e+00
   1.1521063e+00
   9.6239365e-01
   6.6065176e-01
   3.5915725e-01
   1.7018670e-01
   1.6313835e-01
   3.3803178e-01
   6.2550795e-01
   9.1332947e-01
   1.0892589e+00
   1.0838517e+00
   8.9689157e-01
   5.9774363e-01
   2.9866314e-01
   1.1190533e-01
   1.0684706e-01
   2.8348658e-01
   5.7244347e-01
   8.6145897e-01
   1.0382743e+00
   1.0335091e+00
   8.4716158e-01
   5.4860859e-01
   2.5010538e-01
   6.3907155e-02
   5.9390800e-02
   2.3655454e-01
   5.2601798e-01
   8.1552234e-01
   9.9280887e-01
   9.8849716e-01
   8.0258544e-01
   5.0445059e-01
   2.0634782e-01
   2.0532364e-02
   1.6381095e-02
   1.9389224e-01
   4.8368539e-01
   7.7350180e-01
   9.5108268e-01
   9.4704765e-01
   7.6139492e-01
   4.6350138e-01
   1.6562224e-01
  -1.9987273e-02
  -2.3950280e-02
   1.5373145e-01
   4.4367750e-01
   7.3362912e-01
   9.1132754e-01
   9.0739235e-01
   7.2182180e-01
   4.2399274e-01
   1.2616040e-01
  -5.9419985e-02
  -6.3371552e-02
   1.1430393e-01
   4.0422606e-01
   6.9413607e-01
   8.7177520e-01
   8.6776304e-01
   6.8209783e-01
   3.8415644e-01
   8.6194085e-02
  -9.9534002e-02
  -1.0365095e-01
   7.3841466e-02
   3.6356285e-01
   6.5325443e-01
   8.3065745e-01
   8.2639150e-01
   6.4045481e-01
   3.4222425e-01
   4.3955059e-02
  -1.4209755e-01
  -1.4655671e-01
   3.0575822e-02
   3.1991963e-01
   6.0921596e-01
   7.8620604e-01
   7.8150948e-01
   5.9512449e-01
   2.9642795e-01
  -2.3249061e-03
  -1.8886363e-01
  -1.9379446e-01
  -1.7117119e-02
   2.7179003e-01
   5.6067026e-01
   7.3726688e-01
   7.3220151e-01
   5.4547444e-01
   2.4646458e-01
  -5.2570795e-02
  -2.3937441e-01
  -2.4456735e-01
  -6.8149338e-02
   2.2050127e-01
   5.0912775e-01
   6.8547340e-01
   6.8015985e-01
   4.9318738e-01
   1.9393492e-01
  -1.0534028e-01
  -2.9238093e-01
  -2.9780813e-01
  -1.2162158e-01
   1.6680035e-01
   4.5520094e-01
   6.3132348e-01
   6.2578960e-01
   4.3859960e-01
   1.3913238e-01
  -1.6035478e-01
  -3.4760461e-01
  -3.5323820e-01
  -1.7725526e-01
   1.1096584e-01
   3.9916840e-01
   5.7509568e-01
   5.6936935e-01
   3.8198966e-01
   8.2335552e-02
  -2.1733572e-01
  -4.0476687e-01
  -4.1057899e-01
  -2.3477180e-01
   5.3276335e-02
   3.4130871e-01
   5.1706861e-01
   5.1117766e-01
   3.2363616e-01
   2.3823013e-02
  -2.7600451e-01
  -4.6358912e-01
  -4.6955192e-01
  -2.9389263e-01
